[conf-grid]
cells = 64
lower = -2.5e-2
upper = 2.5e-2
tend = 10e-6
nframe = 50

[neutrals]
mass = 6.633521476836e-26
n = 1e21
u = 15e3
vth = 1903.3941784911

cells = 12, 12, 12
lower = -75e3, -75e3, -75e3
upper = 75e3, 75e3, 75e3

