length = 0.5
location = 0.4
ncell = 800
tEnd = 0.0039
gamma = 1.4

dl = 0.1261192
ul = 8.9047029
pl = 782.92899

dr = 6.591493
ur = 2.2654207
pr = 3.1544874
