length = 1.0
location = 0.4
ncell = 100
tEnd = 0.035
gamma = 1.4

dl = 5.99924
ul = 19.5975
pl = 460.894

dr = 5.99924
ur = -6.19633
pr = 46.0895
